,3¹7

(111111111111111111111111111)
11111111101118111111111111110111
ἲ11111111111111111111111111 11111111

111111111111111111111(1111111
1111 1111( (111 4 111118ω1111111111-

111,11(111111111111111111011111
1111111111 1118111111111 1111111-
(11(1111111111111111118111111111(
· (1111((11111111111111111111111, 44³
rem efle604664r scut 11111111
1111111118( 1111111111 ((11 ,11111111
(1111111111 1111 11 1111111111 (11
11111181111111111111111111
, 1111111111111111118111111111
1(11(11(111111111.1(1111111(1111
11111111111.(111111;ξ.91.81(1111-
(1111111111 comme (’11, ..11111111
1111111111( (11.1Ξ11111111111111111

1111111111 1111111111111111111111 {M

1111111111( 11111111 Mogige
(11111111111111(3111111111011
11111111111111111111111 11 (11111111.
11111111181111111111,111111111εό
(1111111111111111111111111111111-’ζ
11111111111111(11111118111111
1111,Ρ1111(111(11111181(11111111111(
11111111111111111111(1111111010
- ’11-1111111171181111111111111111
’ ((11.1(11111111111111111
<ξΧ111111111111111111111111111
, 1(11(111111111,(11ο11111(111
1111111111(εῇ (1((111111111111111
- ,1111 szgnem fiquT6emnomme
111111, 81111118111111111111 1111(-
111111611111111111111111111 6616·
¹leestMomnmorpomonemam
111( 11111111,1(11111(111111111111

-”11111 T6

,1111111111111111 1111111111 66Mi

111111111111111111111111111 1111
261 (1111111111 1111111111(
ἦ1111111111 &flammat Tgnem
,811111111111111111111111111111111111
111118( 1111111111( 1111111111
ἰῑ(11111111111111111111111111111116
‚rumcahdum M (1111111111) 111
,1111111111111111111111111118’1111

44

(1111111111111 8111111111( (11111

(1111111101111111111111111111111

11(111011111111111111111111111111

>nem ,11111111 1111111111 (11111 cit '

caemssphetaecxtremm (1111(
1111111118111111111111111(1111 ‘r 1

,8111111111 (11(1111111111111111

(111111111111111111 1111111 ,stipe
(111111111111111111 1111111111(
ma 11111111111111111111111>

1111111111 1111111(111,(11111(1-

(11111111111111111111111111111111

,1111111111111111111111111 qnod
1111111111 111111111111111111111·
(11111111111111111 11111111( M fi}-
1111111 111(111,111,1“1111111111
-111111111111111111111111111

1111111111 1111111 1111111111( 66 11111111
(11111111111Ξ1111 ς111111 (111111 deside·

11111111111111111111111111111818(

166661666· (11811111 1111111111 1111 11111111(
1111111111( 111 1111111111(- 'cxpofif
Ἰ1111111111111111 111111 ((11 1110
,1111111111111111111111(1111,

TW

11111 (1111111111 11111111(
(11111131111111111111111111111
(11((1111111111111111111111111111

1 4442600644444964464

ET

 

